l1 = [31.8,32.1,32.4,32.7,33,39.54,35.37,26.04,30.69,31.26,34.26,37.26,37.92,33.45,34.14,18.48,19.05,15.21,19.38,23.67,37.74,32.46,41.19,35.13,30.87,29.91,25.29,30.42,30.45,31.44,30.93,30.06,29.73,30.78,30.48,32.4,35.16,39.36,39.09,35.82,33.3,37.739999999999995,38.16,41.31,37.38,34.47,30.33,24.33,25.71,23.880000000000003,28.92,30.39,38.31,36.54,39.99,26.46,28.560000000000002,28.71,32.79,35.19,39.84,36.42,33.87,35.16,37.11,38.879999999999995,41.129999999999995,41.52,36.66,37.32,25.08,22.5,25.29,19.44,25.380000000000003,30.060000000000002,39.96,36.480000000000004,39.9,35.79,35.97,36.39,36.75,39.45,40.26,40.95,40.53,40.47,40.62,41.16,40.379999999999995,40.08,39.18,37.47,37.11,36,37.62,37.47,39.75,38.79,37.65,38.339999999999996,37.5,39.15,41.129999999999995,41.43,46.769999999999996,46.92,49.08,40,40,40,40,40,40,40,60.089999999999996,40.05,37.05,41.94,40.13999999999999,42.239999999999995,41.94,41.63999999999999,43.25999999999999,42.35999999999999,44.78999999999999,42.53999999999999,42.35999999999999,40.709999999999994,39.839999999999996,34.05,35.16,34.379999999999995,33.87,33.209999999999994,38.00999999999999,42.449999999999996,40.83,42.449999999999996,40.47,39.92999999999999,40.41,39.599999999999994,39.3,39.86999999999999,38.849999999999994,37.379999999999995,35.879999999999995,35.94,31.649999999999995,33.48,31.139999999999993,30.539999999999996,29.279999999999994,28.439999999999994,26.309999999999995,27.089999999999996,25.949999999999996,31.859999999999996,35.94,39.38999999999999,47.73,41.25,36.17999999999999,35.879999999999995,17.369999999999997,20.729999999999997,20.939999999999998,33.87,54.599999999999994,54.33,46.769999999999996,44.37,1.5299999999999976,18.749999999999996,0,0,0,0,16.139999999999997,33.50999999999999,50.19,35.339999999999996,30.269999999999996,4.349999999999994,0,0,0,0,16.409999999999997,33.53999999999999,37.349999999999994,53.55,39.3,22.229999999999997,0,0,0,0];
l2 = [0,0,0,0,32.4,69.45,40,40,40,40,40,48,43.83,19.44,18.69,12.96,35.07,38.82,59.25,50.97,47.97,32.82,20.22,22.62,27.330000000000002,35.910000000000004,44.7,41.43,37.53,34.92,28.62,26.040000000000003,27.660000000000004,18.150000000000002,22.410000000000004,21.120000000000005,23.370000000000005,33.54,41.160000000000004,44.19,43.230000000000004,40.410000000000004,42.21,19.200000000000003,4.170000000000002,10.500000000000004,15.840000000000002,33.9,66.12,40,40,40,40,45.03,35.61,8.490000000000002,15.150000000000002,21.120000000000005,47.52,49.260000000000005,55.620000000000005,48.84,39.720000000000006,34.05,15.660000000000004,19.080000000000002,21.96,28.680000000000003,27.090000000000003,34.44,32.7,30.78,29.46,28.860000000000003,29.970000000000002,30.240000000000002,33.93,35.31,37.71,38.64,38.25,38.910000000000004,38.43,40.68000000000001,41.28,42.18000000000001,41.64,41.43000000000001,38.52,37.11,36.36,34.77,34.38,34.86,35.07,34.71,34.86,35.25,34.47,36.24,37.92,43.53,44.52,46.379999999999995,51.99,54.33,55.8,40,40,40,40,40,49.35000000000001,48.480000000000004,48.629999999999995,50.91,52.41,52.5,47.550000000000004,46.47,45.9,48.03,47.28,46.800000000000004,46.77000000000001,47.400000000000006,47.010000000000005,43.11000000000001,40.92000000000001,41.67000000000001,36.24000000000001,36.06000000000001,36.81000000000001,34.35000000000001,31.77000000000001,31.59000000000001,30.210000000000008,30.75000000000001,30.69000000000001,34.80000000000001,36.63000000000001,39.360000000000014,45.60000000000001,44.64000000000001,45.18000000000001,45.45000000000001,44.55000000000001,45.99000000000001,41.49000000000001,35.58000000000001,36.03000000000001,32.43000000000001,33.30000000000001,30.81000000000001,30.81000000000001,32.13000000000001,31.290000000000006,34.20000000000001,31.950000000000006,35.25000000000001,36.75000000000001,39.03000000000001,40.86000000000001,41.85000000000001,40.11000000000001,36.900000000000006,37.260000000000005,32.70000000000001,30.60000000000001,23.01000000000001,26.85000000000001,20.550000000000008,21.36000000000001,18.60000000000001,18.42000000000001,21.09000000000001,20.40000000000001,25.83000000000001,27.09000000000001,25.890000000000008,29.730000000000008,27.18000000000001,25.59000000000001,24.93000000000001,24.93000000000001,26.460000000000008,26.34000000000001,27.000000000000007,29.31000000000001,27.69000000000001,26.40000000000001,25.890000000000008,25.74000000000001,24.24000000000001,25.11000000000001,26.67000000000001,26.16000000000001,25.800000000000008,26.70000000000001,26.58000000000001];
l3 = [0,0,0,0,27.12,71.46,40,40,40,40,40,36.21,27.15,13.02,25.89,30.63,47.76,49.739999999999995,43.56,25.41,24.93,23.13,35.46,38.73,48.18,46.019999999999996,41.489999999999995,27.54,16.29,18.509999999999998,15.3,23.549999999999997,34.8,34.92,49.62,46.62,42.42,39.42,27.6,24.839999999999996,28.56,33.51,37.019999999999996,38.61,36.989999999999995,28.74,17.07,10.739999999999998,12.93,15.689999999999998,32.31,25.83,49.019999999999996,37.739999999999995,38.31,13.95,22.619999999999997,19.29,36.93,48.959999999999994,54.72,47.81999999999999,45.629999999999995,30.659999999999997,29.159999999999997,26.13,32.339999999999996,32.25,33.48,30.749999999999996,30.24,27.959999999999997,27.419999999999998,27.659999999999997,29.429999999999996,31.319999999999997,29.219999999999995,32.64,31.349999999999998,37.23,39.75,41.519999999999996,45.449999999999996,46.739999999999995,49.739999999999995,49.589999999999996,49.14,46.2,46.23,38.61,37.8,35.78999999999999,35.31,39.959999999999994,38.849999999999994,39.69,39.599999999999994,39.449999999999996,37.769999999999996,37.739999999999995,37.41,39.959999999999994,39.92999999999999,41.58,46.169999999999995,46.17,40,40,40,40,40,40,40,40,40,58.26,40.41,33.809999999999995,38.97,40.169999999999995,41.42999999999999,49.709999999999994,55.86,51.14999999999999,48.989999999999995,45.239999999999995,34.86,30.869999999999997,31.589999999999996,0,32.04,35.91,39.989999999999995,54.17999999999999,60.209999999999994,51.779999999999994,39.059999999999995,43.44,27.239999999999995,35.91,32.459999999999994,41.16,40.709999999999994,55.5,50.55,48,47.129999999999995,23.34,25.41,26.52,28.23,30.18,28.53,26.97,25.619999999999997,26.07,32.97,34.53,37.98,38.79,36,34.89,35.82,33.21,33.12,31.77,33.39,32.22,29.16,28.32,22.38,24.45,19.47,22.53,23.7,21.479999999999997,27.06,24.39,22.47,21.089999999999996,21.689999999999998,22.86,23.729999999999997,28.77,31.049999999999997,32.1,46.14,40.53,41.06999999999999,32.55,28.049999999999997,23.49,17.939999999999998,18.089999999999996,20.13,20.61,21.119999999999997,23.79,20.699999999999996,22.32];
