u1 = [0,0,0,0,0,0,0,0.78,0,0,0,0,0,0,0,0,27.09,-7.68,-13.62,-22.77,-12.120000000000001,0.33000000000000007,11.399999999999999,24.39,18.72,8.07,6.659999999999998,-14.159999999999998,-12.21,-6.03,-4.23,-4.23,1.379999999999999,0.5399999999999991,-2.220000000000001,-1.770000000000001,-2.5200000000000005,-0.7500000000000007,-0.5400000000000007,0.5399999999999991,0.4799999999999992,-0.3600000000000007,0.6299999999999992,-0.3900000000000009,-0.5700000000000008,0.14999999999999913,0.7499999999999991,0.5999999999999992,1.229999999999999,-0.33000000000000074,0.17999999999999916,0.5399999999999991,0.11999999999999916,-0.03000000000000086,-0.6900000000000008,-0.15000000000000085,0.26999999999999913,-0.06000000000000086,-0.09000000000000086,-0.12000000000000086,-0.6300000000000008,-0.39000000000000085,0.5099999999999991,0.3899999999999991,0.11999999999999914,1.109999999999999,0.5999999999999991,0.6899999999999991,-0.18000000000000083,-0.03000000000000086,-0.21000000000000085,-1.3800000000000008,-2.5200000000000005,-3.0000000000000004,-3.390000000000001,-3.1800000000000006,-3.570000000000001,-4.44,-5.040000000000001,-5.190000000000001,-4.6800000000000015,-3.2700000000000014,-1.6500000000000008,-1.8600000000000014,1.829999999999999,3.0599999999999987,3.209999999999999,3.2399999999999984,5.159999999999998,4.6499999999999995,4.35,5.519999999999999,6.539999999999998,8.7,11.489999999999998,10.68,11.669999999999998,5.459999999999999,8.099999999999998,-0.5700000000000003,-4.440892098500626e-16,-2.3100000000000005,0.02999999999999936,-1.4100000000000013,-0.660000000000001,-0.5400000000000007,1.3199999999999994,-0.18000000000000083,5.669999999999999,4.529999999999999,14.159999999999998,12.209999999999997,18.869999999999997,14.999999999999998,16.499999999999996,15.569999999999997,11.64,16.2,11.04,0,0,0,-0.0600000000000005,4.59,-4.199999999999998,0.78,2.4899999999999993,5.16,6.87,6.75,5.220000000000001,5.58,9.870000000000001,12.09,13.68,14.7,14.88,19.68,19.290000000000003,22.98,24.69,26.64,29.460000000000004,32.580000000000005,29.79,31.830000000000002,26.130000000000003,21.21,17.370000000000005,22.410000000000004,24.210000000000004,22.35,22.110000000000003,22.980000000000008,21.570000000000004,22.470000000000006,16.770000000000003,15.810000000000004,11.820000000000004,9.180000000000003,0,0,0,0,9.300000000000002,11.55,22.32,18.419999999999998,13.53,8.43,1.3499999999999996,0.6600000000000001,0,0,-0.69,1.0500000000000003,7.079999999999999,18.27,21.029999999999998,19.38,21.479999999999997,10.86,5.009999999999999,0.47999999999999776,-2.4300000000000015,5.969999999999997,0,0,0,0,0,0,0,0,0,-16.380000000000003,-2.3100000000000036,-2.190000000000003,-0.630000000000003,-2.940000000000002];
u2 = [0,0,0,0,0,0,8.639999999999999,0,0,0,0,0,0,0,0,0,0,0,0,0,0,0,0,0,0,0,0,0,0,0,0,0,0,0,0,0,30.66,6.96,2.3100000000000005,-11.37,-10.049999999999999,-11.459999999999997,-6.449999999999998,5.16,9.389999999999999,1.83,0.5100000000000003,-4.949999999999999,-6.539999999999999,-6.18,-6.329999999999999,-3.5999999999999996,-5.01,-0.8399999999999999,-1.9199999999999995,-0.08999999999999941,-1.0499999999999998,-0.9299999999999997,-2.88,-3.45,-2.6999999999999997,-2.4,-2.4,-2.4,-2.4,-0.9600000000000002,-0.33000000000000007,0.8700000000000001,0.4499999999999999,-0.96,0.17999999999999994,3.7800000000000002,6.93,4.68,4.47,0,-2.7900000000000005,-2.52,-0.4500000000000002,2.0999999999999996,1.1099999999999999,1.8599999999999999,0.9599999999999999,0.9599999999999999,3.84,4.619999999999999,4.409999999999999,7.5600000000000005,7.5,10.65,10.89,12.899999999999999,13.290000000000001,13.649999999999999,11.700000000000001,4.62,3.99,1.1099999999999994,2.58,2.8200000000000003,3.27,3.36,6.6,7.559999999999999,8.61,7.319999999999999,6.45,5.49,7.4399999999999995,9.39,11.07,11.669999999999998,10.109999999999998,10.29,9.929999999999998,11.7,12.299999999999999,14.369999999999997,16.619999999999997,15.569999999999999,16.32,18.509999999999998,14.609999999999998,13.29,11.519999999999998,13.589999999999998,14.159999999999998,14.61,16.71,16.799999999999997,18.06,17.7,20.67,22.32,21.75,23.19,22.95,23.099999999999998,20.13,20.909999999999997,18.9,19.95,19.41,20.22,20.13,20.04,18.51,16.830000000000002,17.04,15.329999999999998,12.179999999999998,12.389999999999999,8.609999999999998,7.529999999999998,5.879999999999996,3.3299999999999965,1.8899999999999975,0.23999999999999633,-1.7700000000000027,-1.920000000000003,-4.1700000000000035,-3.900000000000003,-5.190000000000003,-5.130000000000004,-5.520000000000004,3.359999999999996,13.499999999999996,17.489999999999995,16.319999999999997,16.319999999999997,13.859999999999994,11.609999999999994,0.689999999999996,4.169999999999995,7.739999999999995,0,0,0,35.19,0,0,0,0,0,0,30.119999999999994,0,0,-40.620000000000005,-5.130000000000004,-7.950000000000006,-2.9400000000000057,0,0,41.16,24.749999999999993,0,0,7.679999999999994,0];
u3 = [2.88,3.36,3.84,4.32,4.32,-1.6500000000000004,-0.2999999999999998,-0.5699999999999998,0.3600000000000001,0.09000000000000008,-0.6600000000000001,-0.6600000000000001,-2.88,-2.58,-2.73,-1.26,1.0499999999999998,2.4,4.47,2.67,3.78,1.7699999999999998,3.3600000000000003,3.27,5.369999999999999,3.9599999999999995,4.47,4.17,2.67,0.48,-0.5700000000000003,-3.5700000000000003,-3.5700000000000003,-1.8599999999999999,-1.2300000000000002,1.7999999999999998,2.3699999999999997,4.74,4.89,3.06,2.34,3.57,3.9,4.71,5.25,5.34,6.6899999999999995,6.54,6.99,7.44,7.890000000000001,7.86,3.3000000000000007,1.4100000000000001,-2.729999999999999,-0.8399999999999987,-1.8899999999999988,0.03000000000000136,-0.9899999999999981,-0.38999999999999857,-0.7499999999999984,-1.6799999999999984,-1.9799999999999984,-2.7299999999999986,-3.1799999999999984,-2.6699999999999986,-1.2599999999999985,-1.5599999999999983,-0.2099999999999984,0.2100000000000014,3.9300000000000015,3.2700000000000014,5.010000000000002,4.680000000000001,5.580000000000001,7.470000000000002,6.450000000000001,7.350000000000001,4.080000000000002,5.82,3.7499999999999996,2.6699999999999995,0.9000000000000008,-2.729999999999999,-5.039999999999999,-7.9799999999999995,-1.17,8.280000000000001,7.41,4.380000000000001,0.06000000000000005,-5.999999999999999,-5.76,-0.54,4.86,2.94,17.64,12,16.11,15.3,16.740000000000002,17.52,15,11.7,9.240000000000002,6.0900000000000025,-9.779999999999998,0.5100000000000011,-0.6299999999999983,1.5543122344752192e-15,8.370000000000001,5.970000000000001,5.58,4.68,5.07,5.550000000000001,9,11.879999999999999,16.41,16.35,22.740000000000002,20.46,20.97,23.76,26.16,29.279999999999998,30.479999999999997,32.129999999999995,26.879999999999995,30.479999999999997,22.769999999999996,19.5,20.370000000000005,24.12,23.040000000000003,23.490000000000002,21.93,22.17,14.610000000000003,11.580000000000005,0,0,0,0,11.190000000000003,26.250000000000004,22.950000000000003,16.980000000000004,16.950000000000006,0.4200000000000088,0,0,0,0,0,16.260000000000005,20.220000000000006,20.850000000000005,19.56000000000001,8.850000000000009,6.990000000000009,6.840000000000007,3.3900000000000077,4.560000000000009,3.48000000000001,2.100000000000011,3.6000000000000103,14.52000000000001,14.61000000000001,14.43000000000001,14.580000000000009,13.53000000000001,5.16000000000001,1.9200000000000088,-11.489999999999991,-3.2699999999999916,-4.22999999999999,6.84000000000001,12.510000000000009,21.72000000000001,13.350000000000009,11.460000000000008,-9.26999999999999,-4.319999999999992,-8.15999999999999,4.440000000000008,16.38000000000001,25.38000000000001,21.480000000000008,13.65000000000001,2.7300000000000093,-3.5399999999999903,-12.179999999999989,-7.34999999999999,-0.6899999999999897,15.54000000000001,21.750000000000007,20.49000000000001,14.82000000000001,-11.36999999999999];
