x = [0.00000, 0.00000, 0.00000, 0.11493, 0.22932, 0.34318, 0.45649, 0.91718, 1.37787, 1.83870, 2.29953, 2.76050, 3.22146, 3.68229, 4.14312, 4.60395, 5.06478, 5.52561, 5.98644, 6.44716, 6.90788, 7.36848, 7.82907, 8.28979, 8.75050, 9.21121, 9.67192, 10.13250, 10.59310, 11.05370, 11.51430, 11.97480, 12.43540, 12.89600, 13.35650, 13.81710, 14.27750, 14.73790, 15.19830, 15.65890, 16.11960, 16.58010, 17.04060, 17.50120, 17.96170, 18.42220, 18.88260, 19.34300, 19.80330, 20.26350, 20.72380, 21.18410, 21.64430, 21.75620, 21.86760, 22.32810, 22.78860, 23.24960, 23.71070, 24.17170, 24.63270, 25.09400, 25.55520, 26.01650, 26.47770, 26.93900, 27.40040, 27.86180, 28.32320, 28.78470, 29.24620, 29.36350, 29.48030, 29.94100, 30.40180, 30.86250, 31.32320, 31.78410, 32.24490, 32.70590, 33.16690, 33.62790, 34.08890, 34.54990, 35.01080, 35.47170, 35.93250, 36.39320, 36.85370, 37.31420, 37.77450, 37.88840, 38.00180, 38.11460, 38.22690, 38.33860, 38.44980, 38.56040, 38.67050, 38.78000, 38.88900, 39.34900, 39.80910, 40.26960, 40.73010, 41.19100, 41.65190, 42.11290, 42.57380, 43.03480, 43.49570, 43.95670, 44.41760, 44.87900, 45.34030, 45.80130, 46.26230, 46.72360, 47.18500, 47.64630, 48.10760, 48.56890, 49.03030, 49.49160, 49.95290, 50.41420, 50.87550, 50.99470, 51.11330, 51.34900, 51.80970, 52.26980, 52.72980, 53.19000, 53.65010, 54.11040, 54.57060, 55.03090, 55.49110, 55.95150, 56.41200, 56.87240, 57.33280, 57.79340, 58.25400, 58.71460, 59.17520, 59.63580, 60.09660, 60.55740, 61.01820, 61.47900, 61.93980, 62.40080, 62.86180, 63.32270, 63.78350, 64.24430, 64.70510, 65.16590, 65.62680, 66.08760, 66.54840, 67.00910, 67.46970, 67.93040, 68.39110, 68.85170, 69.31240, 69.77300, 70.23370, 70.69420, 71.15470, 71.61530, 72.07600, 72.53660, 72.99730, 73.45790, 73.91860, 74.37930, 74.83990, 75.30060, 75.76120, 76.22190, 76.68250, 77.14320, 77.60380, 78.06450, 78.52510, 78.98580, 79.44650, 79.90710, 80.36780, 80.82840, 81.28910, 81.74970, 82.21040, 82.67100, 83.13170, 83.59230, 84.05300, 84.51370, 84.97430, 85.43480, 85.89530, 86.35570, 86.81620, 87.27650, 87.73670, 88.19700, 88.65720, 89.11740, 89.57760, 90.03780, 90.49820, 90.95830, 91.41840, 91.87850, 92.33860, 92.79850, 93.25830, 93.71830, 94.17830, 94.63830, 95.09830, 95.55820, 96.01810, 96.47800, 96.93790, 96.93790, 97.39840, 97.85880, 98.31930, 98.77970, 99.24020, 99.70060, 100.16100, 100.62200, 101.08300, 101.54400, 102.00500, 102.46600, 102.92700, 103.38800, 103.84900, 104.31000, 104.77100, 105.23200, 105.69300, 106.15400, 106.61500, 107.07700, 107.53800, 107.99900, 108.46000, 108.57800, 108.69500, 109.15600, 109.61700, 110.07700, 110.53800, 110.99800, 111.45900, 111.92000, 112.38100, 112.84200, 113.30300, 113.76400, 114.22400, 114.68500, 115.14600, 115.60700, 116.06800, 116.52900, 116.99000, 117.45100, 117.91200, 118.37300, 118.83400, 119.29500, 119.75600, 120.21600, 120.67700, 121.13800, 121.59900, 122.05900, 122.52000, 122.63500, 122.74900, 123.20900, 123.67000, 124.13100, 124.59200, 125.05200, 125.51300, 125.97400, 126.43500, 126.89600, 127.35600, 127.81700, 128.27800, 128.73900, 129.19900, 129.66000, 130.12100, 130.58100, 131.04200, 131.50300, 131.96300, 132.42400, 132.88500, 133.34500, 133.80600, 134.26700, 134.72800, 135.18800, 135.64900, 136.10900, 136.57000, 137.03000, 137.49100, 137.95200, 138.41200, 138.87300, 139.33400, 139.79500, 140.25600, 140.71700, 141.17800, 141.63900, 142.09900, 142.56000, 143.02100, 143.48200, 143.94300, 144.40400, 144.86500, 145.32600, 145.78700, 146.24800, 146.70900, 147.16900, 147.63000, 148.09100, 148.55200, 149.01300, 149.47300, 149.58800, 149.70200, 150.16200, 150.62300, 151.08400, 151.54500, 152.00600, 152.46600, 152.92700, 153.38800, 153.84900, 154.30900, 154.77000, 155.23100, 155.69100, 156.15200, 156.61300, 157.07300, 157.53400, 157.99500, 158.45500, 158.91600, 159.37600, 159.83700, 160.29800, 160.75800, 161.21900, 161.67900, 162.14000, 162.60000, 163.06500, 163.52500, 163.98600, 164.44600, 164.90700, 165.36800, 165.82900, 166.29000, 166.75100, 167.21200, 167.67300, 168.13300, 168.59400, 169.05500, 169.51600, 169.97700, 170.43800, 170.89900, 171.35900, 171.82000, 172.28100, 172.74200, 173.20300, 173.66400, 174.12500, 174.58600, 175.04600, 175.50700, 175.96800, 176.42900, 176.89000, 177.35100, 177.81100, 178.27200, 178.73300, 179.19400, 179.65500, 180.11600, 180.57600, 181.03700, 181.49800, 181.95900, 182.41900, 182.88000, 183.34100, 183.80100, 184.26200, 184.72200, 185.18200, 185.64200, 186.10300, 186.56300, 187.02200, 187.48200, 187.59500, 187.70700, 188.16700, 188.62800, 189.08900, 189.54900, 190.01000, 190.47000, 190.93100, 191.39100, 191.85200, 192.31200, 192.77200, 193.23200, 193.69200, 194.15200, 194.61200, 195.07300, 195.53300, 195.99300, 196.45300, 196.91300, 197.37200, 197.83200, 198.29100, 198.75100, 199.21000, 199.67000, 199.78000, 199.88900, 200.35000, 200.81000, 201.27100, 201.73200, 202.19300, 202.65400, 203.11400, 203.57500, 204.03500, 204.49600, 204.95700, 205.41800, 205.87900, 206.34000, 206.80000, 207.26100, 207.72200, 208.18300, 208.64400, 209.10500, 209.56600, 210.02600, 210.48700, 210.94800, 211.40900, 211.87000, 212.33000, 212.79100, 213.25200, 213.71300, 214.17300, 214.63400, 215.09500, 215.55500, 216.01500, 216.47500, 216.93500, 217.39600, 217.85600, 218.31600, 218.77600, 219.23600, 219.69600, 220.15600, 220.61600, 221.07600, 221.53500, 221.99500, 222.45500, 222.91400, 223.37400, 223.83400, 224.29300, 224.75300, 225.21300, 225.67300, 226.13200, 226.59200, 227.05100, 227.51100, 227.97000, 228.42900, 228.88900, 228.99800, 229.45800, 229.91800, 230.37800, 230.83800, 231.29700, 231.75700, 232.21600, 232.67500, 233.13400, 233.59300, 234.05200, 234.51100, 234.96900, 235.42700, 235.88500, 236.34300, 236.80000, 237.25800, 237.71500, 238.17200, 238.62900, 239.08500, 239.54200, 239.99900, 240.45400, 240.91000, 241.36500, 241.82100, 241.92500, 242.03000, 242.13300, 242.23600, 242.69500, 243.15300, 243.61300, 244.07300, 244.53300, 244.99300, 245.45300, 245.91300, 246.37300, 246.83400, 247.29400, 247.75400, 248.21500, 248.67600, 249.13700, 249.59800, 250.05800, 250.51800, 250.97900, 251.44000, 251.90100, 252.36200, 252.82300, 253.28400, 253.74500, 254.20700, 254.33100, 254.45400, 254.91400, 255.37300, 255.83300, 256.29200, 256.75300, 257.21400, 257.67400, 258.13500, 258.59700, 259.05900, 259.52000, 259.98200, 260.44400, 260.90700, 261.36900, 261.83200, 262.29500, 262.75800, 263.22200, 263.68400, 264.14800, 264.61100, 264.73100, 264.85100, 264.97000, 265.08900, 265.54900, 266.01000, 266.47000, 266.93100, 267.39100, 267.85200, 268.31200, 268.77300, 269.23400, 269.69500, 270.15600, 270.61700, 271.07800, 271.53900, 272.00000, 272.46100, 272.92200, 273.38300, 273.84500, 274.30600, 274.76700, 275.22900, 275.69000, 276.15100, 276.61200, 277.07300, 277.19000, 277.30600, 277.76600, 278.22700, 278.68800, 279.14900, 279.60900, 280.07000, 280.53100, 280.99100, 281.45200, 281.91300, 282.37000, 282.83000, 283.29100, 283.75200, 284.21300, 284.67300, 285.13400, 285.59500, 286.05500, 286.51600, 286.97700, 287.43800, 287.89800, 288.35900, 288.82000, 289.28100, 289.74100, 290.20200, 290.20200, 290.66300, 291.12400, 291.58400, 292.04500, 292.50600, 292.96700, 293.42700, 293.88800, 294.34900, 294.81000, 295.27100, 295.73100, 296.19200, 296.65300, 297.11400, 297.57500, 298.03500, 298.49600, 298.95700, 299.41800, 299.87900, 300.33900, 300.80000, 301.26100, 301.72200, 302.18300, 302.64300, 303.10400, 303.56500, 304.02600, 304.48600, 304.94700, 305.40800, 305.86900, 306.33000, 306.79000, 307.25100, 307.71100, 308.17200, 308.63200, 309.09200, 309.55200, 310.01200, 310.47100, 310.93100, 311.04300, 311.15500, 311.26600, 311.37700, 311.48700, 311.59600, 311.70500, 311.81400, 312.27400, 312.73400, 313.19300, 313.65300, 314.11100, 314.56900, 315.02600, 315.48200, 315.93700, 316.39200, 316.84600, 317.29900, 317.40400, 317.50900, 317.61300, 317.71700, 317.82000, 317.92300, 318.02500, 318.12700, 318.22800, 318.32800, 318.42800, 318.52700, 318.62500, 318.72300, 318.82000, 318.91700, 319.01300, 