x1 = [0.00000, 0.00000, 0.00000, 0.46077, 0.92153, 1.03646, 1.15085, 1.61160, 2.07235, 2.53323, 2.99411, 3.45492, 3.91574, 4.37655, 4.83736, 5.29811, 5.75887, 6.21968, 6.68048, 7.14129, 7.60209, 8.06285, 8.52361, 8.98437, 9.44513, 9.90589, 10.36660, 10.82740, 11.28820, 11.74900, 12.20980, 12.67060, 13.13140, 13.59220, 14.05300, 14.51370, 14.97450, 15.43530, 15.89610, 16.35680, 16.81760, 17.27840, 17.73920, 18.20000, 18.66070, 19.12150, 19.58230, 20.04300, 20.50380, 20.96460, 21.42540, 21.88610, 22.34690, 22.80770, 23.26840, 23.72910, 24.18980, 24.65050, 25.11120, 25.22550, 25.33930, 25.80000, 26.26070, 26.72140, 27.18210, 27.64290, 28.10360, 28.56430, 29.02500, 29.48560, 29.94620, 30.40680, 30.86740, 31.32790, 31.78830, 32.24880, 32.70920, 33.16970, 33.63030, 34.09070, 34.55100, 34.66360, 34.77570, 35.23630, 35.69680, 36.15740, 36.61800, 37.07850, 37.53910, 37.99950, 38.45980, 38.92010, 39.38040, 39.84080, 40.30110, 40.76140, 41.22140, 41.68150, 42.14150, 42.25250, 42.36300, 42.82330, 43.28370, 43.74470, 44.20570, 44.66640, 45.12710, 45.58810, 46.04910, 46.51010, 46.97120, 47.43220, 47.89320, 48.35420, 48.81520, 49.27630, 49.73730, 50.19860, 50.65980, 51.12040, 51.58090, 52.04170, 52.50240, 52.96350, 53.42450, 53.88600, 54.34740, 54.80910, 55.27070, 55.73240, 56.19410, 56.65570, 57.11730, 57.23420, 57.35070, 57.46660, 57.58200, 57.69680, 57.81120, 58.27190, 58.73270, 59.19340, 59.65410, 60.11470, 60.57530, 61.03580, 61.49620, 61.95650, 62.41680, 62.87690, 63.33690, 63.79670, 64.25640, 64.71580, 65.17500, 65.28690, 65.39820, 65.50890, 65.61910, 65.72870, 66.18890, 66.64910, 67.10930, 67.56990, 68.03050, 68.49510, 68.95970, 69.42040, 69.88100, 70.34190, 70.80290, 71.26390, 71.72490, 72.18590, 72.64690, 73.10790, 73.56890, 74.02930, 74.48960, 74.95430, 75.41900, 75.88000, 76.34100, 76.80600, 77.27100, 77.73230, 78.19360, 78.65490, 79.11620, 79.57780, 80.03930, 80.50080, 80.96230, 81.08060, 81.19850, 81.65910, 82.11980, 82.58030, 83.04080, 83.50160, 83.96250, 84.42340, 84.88440, 85.34540, 85.80640, 86.26730, 86.72830, 87.18950, 87.65070, 88.11190, 88.57300, 88.68930, 88.80510, 88.92040, 89.03520, 89.49590, 89.95670, 90.41750, 90.87830, 91.33910, 91.79990, 92.26070, 92.72150, 93.18220, 93.64300, 94.10380, 94.56460, 95.02540, 95.48610, 95.94690, 96.40770, 96.86850, 97.32930, 97.79010, 98.25080, 98.71160, 99.17240, 99.63320, 100.09400, 100.55500, 101.01500, 101.47600, 101.93700, 102.39800, 102.85900, 103.31900, 103.78000, 104.24100, 104.70100, 105.16200, 105.62300, 106.08400, 106.54400, 107.00500, 107.46600, 107.92600, 108.38700, 108.84800, 109.30900, 109.76900, 110.23000, 110.69100, 111.15100, 111.61200, 112.07300, 112.53300, 112.99400, 113.45500, 113.91500, 114.37600, 114.83600, 115.29700, 115.75800, 116.21800, 116.67900, 116.79200, 116.90500, 117.36600, 117.82600, 118.28700, 118.74800, 119.20900, 119.67000, 120.13000, 120.59100, 121.05200, 121.51300, 121.97400, 122.43400, 122.89500, 123.35600, 123.81600, 124.27700, 124.73800, 125.19900, 125.65900, 126.12000, 126.58100, 127.04100, 127.50200, 127.96300, 128.42300, 128.88400, 129.34500, 129.80500, 130.26600, 130.72600, 131.18700, 131.64700, 131.76000, 131.87200, 132.33200, 132.79300, 133.25400, 133.71500, 134.17500, 134.63600, 135.09600, 135.55600, 136.01700, 136.47700, 136.93700, 137.39700, 137.85700, 138.31700, 138.77700, 139.23700, 139.69700, 140.15700, 140.26800, 140.37800, 140.48800, 140.59700, 141.05700, 141.51700, 141.97700, 142.43800, 142.89800, 143.35900, 143.81900, 144.27900, 144.73900, 145.19900, 145.65900, 146.11900, 146.57900, 147.03800, 147.49800, 147.95800, 148.41700, 148.87700, 149.33700, 149.79700, 150.25700, 150.71700, 151.17700, 151.63700, 152.09700, 152.55700, 153.01700, 153.47700, 153.93600, 154.39600, 154.39600, 154.39600, 154.85600, 155.31600, 155.77600, 156.23600, 156.69600, 157.15700, 157.61800, 158.07900, 158.53900, 159.00000, 159.46000, 159.92100, 160.38100, 160.84200, 161.30200, 161.76200, 162.22300, 162.68400, 163.14400, 163.60500, 164.06600, 164.52700, 164.98800, 165.44800, 165.91000, 166.37100, 166.83300, 167.29400, 167.75500, 168.21700, 168.33600, 168.45600, 168.57400, 169.03500, 169.49600, 169.95600, 170.41600, 170.87700, 171.33700, 171.79800, 172.25800, 172.71900, 173.18000, 173.64000, 174.10100, 174.56100, 175.02200, 175.48200, 175.94200, 176.40300, 176.86300, 177.32400, 177.78400, 178.24500, 178.70500, 179.16600, 179.62700, 180.08700, 180.54800, 181.00800, 181.46900, 181.93000, 182.39000, 182.85100, 183.31100, 183.77200, 184.23300, 184.69400, 185.15400, 185.61500, 186.07600, 186.53700, 186.99700, 187.45800, 187.91800, 188.37900, 188.83900, 189.30000, 189.76000, 190.22100, 190.68100, 191.14200, 191.60200, 192.06200, 192.52300, 192.98300, 193.44300, 193.90400, 194.36400, 194.82500, 195.28500, 195.74500, 196.20600, 196.66600, 197.12600, 197.58500, 198.04500, 198.50500, 198.96400, 199.42300, 199.53400, 199.64400, 199.75300, 199.86100, 200.32200, 200.78200, 201.24200, 201.70200, 202.16100, 202.62100, 203.08000, 203.53900, 203.99700, 204.45500, 204.91300, 205.37000, 205.47700, 205.58400, 205.69000, 205.79500, 206.25500, 206.71400, 207.17400, 207.63300, 208.09200, 208.55000, 209.00800, 209.46600, 209.92300, 210.38000, 210.83600, 211.29300, 211.74800, 212.20300, 212.65900, 213.11400, 213.21700, 213.32000, 213.77800, 214.23700, 214.69600, 215.15500, 215.61400, 216.07300, 216.53200, 216.99100, 217.45000, 217.90800, 218.36600, 218.82500, 219.28300, 219.74100, 220.19900, 220.65700, 221.11400, 221.57200, 221.57200, 221.57200, 222.03000, 222.48800, 222.94700, 223.40500, 223.86400, 224.32300, 224.78200, 225.24100, 225.70100, 226.16100, 226.62100, 227.08100, 227.54100, 228.00100, 228.46100, 228.92100, 229.38100, 229.50700, 229.63200, 229.75700, 230.21600, 230.67500, 231.13400, 231.59200, 232.05100, 232.51000, 232.97000, 233.43000, 233.89000, 234.35100, 234.81100, 235.27200, 235.73200, 236.19300, 236.65300, 237.11400, 237.23800, 237.36100, 237.82000, 238.28000, 238.73900, 239.19800, 239.65900, 240.11900, 240.57900, 241.04000, 241.50100, 241.96200, 242.42300, 242.88400, 243.34600, 243.80800, 244.27000, 244.73200, 244.85400, 244.97500, 245.09500, 245.21500, 245.67600, 246.13600, 246.59600, 247.05600, 247.51600, 247.97700, 248.43700, 248.89700, 249.35700, 249.81800, 250.27800, 250.73800, 251.19900, 251.65900, 252.11900, 252.58000, 253.04000, 253.50000, 253.96100, 254.42100, 254.88200, 255.34200, 255.80200, 256.26300, 256.72300, 257.18300, 257.64200, 258.10200, 258.56200, 259.02100, 259.48100, 259.94000, 260.39900, 260.85800, 261.31700, 261.77600, 262.23500, 262.69400, 262.80300, 262.91100, 263.01800, 263.12500, 263.58500, 264.04500, 264.50900, 264.97300, 265.43800, 265.90200, 266.36200, 266.82200, 267.28700, 267.75100, 268.21100, 268.67100, 269.13200, 269.59200, 270.05200, 270.51200, 270.97200, 271.43100, 271.89200, 272.35200, 272.81300, 273.27400, 273.73500, 274.19700, 274.65900, 275.12100, 275.58300, 276.04500, 276.50700, 276.96900, 277.43200, 277.89400, 278.35600, 278.47700, 278.93700, 279.39700, 279.85800, 280.31800, 280.77900, 281.24000, 281.70200, 282.16400, 282.62600, 283.08800, 283.55000, 284.01300, 284.47500, 284.93700, 285.05500, 285.17300, 285.29000, 285.40600, 285.52200, 285.63700, 285.75200, 285.86600, 286.32700, 286.78800, 287.24800, 287.70900, 288.17000, 288.63100, 289.09100, 289.55200, 290.01200, 290.47200, 290.93300, 291.39300, 291.85300, 292.31300, 292.77300, 293.23300, 293.69300, 294.15200, 294.26400, 294.37500, 294.83600, 295.29700, 295.75700, 296.21800, 296.67800, 297.13900, 297.59900, 298.05800, 298.51800, 298.97800, 299.43700, 299.89600, 300.35500, 300.81400, 301.27300, 301.73200, 302.19000, 302.64800, 303.10700, 303.56500, 304.02500, 304.48500, 304.94500, 305.40500, 305.86400, 306.32200, 306.78000, 307.23800, 307.69500, 308.15300, 308.60900, 309.06600, 309.52200, 309.97800, 310.42900, 310.88100, 311.33600, 311.44100, 311.54700, 311.65100, 311.75500, 311.85900, 312.31700, 312.77600, 313.23300, 313.69100, 314.14800, 314.60500, 315.06000, 315.51500, 315.96800, 