time1 = [0, 74, 126, 174, 214, 254, 295, 336, 392, 434, 495, 552, 594, 642, 699, 749, 792, 864, 914, 975, 1028, 1070, 1124, 1164, 1212, 1262, 1312, 1363, 1412, 1455, 1503, 1550, 1599, 1649, 1700, 1751, 1796, 1849, 1894, 1948, 1995, 2045, 2099, 2137, 2182, 2233, 2281, 2333, 2374, 2423, 2475, 2531, 2573, 2620, 2662, 2720, 2776, 2831, 2875, 2931, 2970, 3024, 3066, 3129, 3191, 3232, 3295, 3344, 3407, 3454, 3511, 3559, 3604, 3661, 3701, 3752, 3801, 3849, 3898, 3960, 4002, 4052, 4100, 4147, 4189, 4234, 4315, 4372, 4424, 4470, 4521, 4563, 4617, 4662, 4709, 4751, 4794, 4833, 4879, 4928, 4975, 5024, 5074, 5123, 5166, 5224, 5264, 5313, 5362, 5420, 5466, 5530, 5568, 5625, 5679, 5730, 5769, 5821, 5865, 5915, 5958, 6005, 6044, 6090, 6143, 6192, 6235, 6274, 6321, 6363, 6418, 6476, 6531, 6578, 6627, 6671, 6731, 6775, 6819, 6874, 6931, 6975, 7035, 7090, 7130, 7179, 7231, 7285, 7328, 7367, 7411, 7455, 7511, 7555, 7601, 7643, 7693, 7745, 7794, 7848, 7898, 7950, 8000, 8044, 8100, 8150, 8199, 8244, 8293, 8336, 8375, 8434, 8495, 8539, 8594, 8641, 8699, 8738, 8792, 8835, 8895, 8949, 8993, 9041, 9090, 9145, 9189, 9236, 9285, 9345, 9390, 9448, 9492, 9533, 9585, 9643, 9695, 9766, 9811, 9860, 9922, 9970, 10011, 10068, 10119, 10171, 10216, 10278, 10338, 10388, 10458, 10496, 10559, 10606, 10658, 10709, 10754, 10800, 10841, 10893, 10941, 10989, 11034, 11082, 11132, 11184, 11229, 11279, 11331, 11383, 11431, 11488, 11540, 11610, 11662, 11701, 11751, 11789, 11829, 11885, 11939, 11990, 12042, 12105, 12162, 12205, 12254, 12300, 12349, 12411, 12458, 12505, 12553, 12601, 12640, 12692, 12755, 12798, 12840, 12890, 12933, 12979, 13017, 13063, 13116, 13170, 13224, 13273, 13323, 13384, 13445, 13491, 13544, 13592, 13630, 13672, 13724, 13785, 13828, 13872, 13921, 13972, 14017, 14064, 14109, 14160, 14208, 14258, 14298, 14344, 14395, 14461, 14508, 14555, 14602, 14661, 14718, 14764, 14814, 14860, 14910, 14959, 15004, 15053, 15095, 15151, 15209, 15254, 15302, 15353, 15409, 15464, 15512, 15569, 15630, 15695, 15744, 15795, 15847, 15893, 15942, 15994, 16044, 16100, 16143, 16185, 16239, 16284, 16322, 16369, 16424, 16475, 16517, 16563, 16612, 16657, 16716, 16770, 16812, 16856, 16895, 16955, 16995, 17041, 17092, 17142, 17192, 17242, 17292, 17335, 17393, 17440, 17505, 17555, 17603, 17669, 17725, 17774, 17831, 17903, 17944, 17991, 18040, 18082, 18125, 18184, 18223, 18272, 18320, 18364, 18409, 18478, 18520, 18564, 18616, 18683, 18727, 18771, 18820, 18870, 18915, 18956, 18995, 19051, 19110, 19154, 19196, 19254, 19293, 19334, 19392, 19431, 19481, 19529, 19572, 19625, 19684, 19734, 19785, 19824, 19874, 19928, 19972, 20022, 20072, 20121, 20172, 20221, 20268, 20319, 20372, 20435, 20500, 20540, 20585, 20642, 20697, 20735, 20782, 20835, 20883, 20932, 20998, 21042, 21101, 21155, 21204, 21259, 21311, 21370, 21418, 21469, 21518, 21569, 21616, 21654, 21694, 21752, 21805, 21845, 21885, 21929, 21969, 22012, 22063, 22121, 22162, 22204, 22254, 22315, 22354, 22409, 22468, 22512, 22561, 22610, 22661, 22703, 22753, 22799, 22844, 22892, 22935, 22991, 23038, 23091, 23140, 23180, 23219, 23269, 23311, 23355, 23403, 23466, 23521, 23566, 23614, 23655, 23700, 23748, 23788, 23830, 23871, 23914, 23961, 24010, 24060, 24103, 24145, 24189, 24245, 24290, 24345, 24411, 24453, 24513, 24561, 24613, 24664, 24710, 24755, 24813, 24860, 24905, 24955, 25003, 25052, 25099, 25140, 25205, 25254, 25293, 25341, 25382, 25439]
% time2 = [0, 63, 110, 149, 188, 240, 281, 322, 368, 406, 459, 499, 543, 591, 628, 666, 705, 749, 786, 824, 863, 912, 953, 990, 1025, 1074, 1115, 1159, 1203, 1242, 1281, 1319, 1378, 1419, 1457, 1495, 1564, 1602, 1643, 1700, 1738, 1775, 1827, 1867, 1908, 1974, 2013, 2055, 2113, 2152, 2205, 2248, 2291, 2337, 2375, 2412, 2452, 2496, 2533, 2571, 2624, 2665, 2701, 2751, 2789, 2824, 2869, 2907, 2944, 2982, 3029, 3066, 3105, 3144, 3192, 3233, 3269, 3318, 3358, 3398, 3440, 3493, 3536, 3578, 3640, 3680, 3716, 3774, 3816, 3854, 3893, 3953, 3993, 4033, 4073, 4123, 4165, 4206, 4245, 4284, 4331, 4371, 4411, 4451, 4489, 4528, 4578, 4618, 4658, 4693, 4728, 4769, 4818, 4861, 4898, 4935, 4975, 5011, 5064, 5102, 5138, 5175, 5216, 5253, 5319, 5360, 5402, 5440, 5479, 5519, 5558, 5601, 5639, 5678, 5719, 5758, 5795, 5831, 5871, 5934, 5981, 6022, 6059, 6094, 6134, 6173, 6210, 6252, 6292, 6331, 6369, 6405, 6442, 6482, 6517, 6552, 6601, 6642, 6683, 6723, 6760, 6800, 6837, 6885, 6926, 6963, 6999, 7036, 7072, 7107, 7151, 7186, 7223, 7261, 7296, 7338, 7375, 7414, 7453, 7491, 7547, 7582, 7621, 7659, 7698, 7734, 7773, 7813, 7852, 7891, 7930, 7982, 8022, 8058, 8095, 8134, 8173, 8217, 8257, 8294, 8333, 8372, 8407, 8450, 8493, 8532, 8573, 8610, 8648, 8683, 8721, 8771, 8811, 8848, 8888, 8926, 8965, 9000, 9038, 9085, 9124, 9163, 9199, 9242, 9278, 9315, 9367, 9403, 9443, 9480, 9516, 9555, 9613, 9660, 9700, 9738, 9773, 9813, 9852, 9904, 9941, 9979, 10016, 10051, 10088, 10125, 10161, 10206, 10249, 10290, 10328, 10376, 10415, 10454, 10491, 10529, 10578, 10616, 10653, 10691, 10731, 10775, 10812, 10852, 10893, 10928, 10973, 11011, 11052, 11089, 11151, 11191, 11232, 11271, 11306, 11364, 11403, 11439, 11476, 11539, 11576, 11614, 11653, 11690, 11740, 11782, 11824, 11862, 11921, 11959, 12001, 12038, 12075, 12124, 12161, 12201, 12236, 12274, 12311, 12359, 12398, 12434, 12475, 12513, 12552, 12602, 12643, 12684, 12729, 12766, 12811, 12850, 12891, 12938, 12976, 13015, 13052, 13090, 13143, 13182, 13222, 13259, 13295, 13358, 13404, 13445, 13484, 13524, 13575, 13618, 13665, 13703, 13780, 13821, 13861, 13897, 13935, 13982, 14021, 14062, 14101, 14138, 14176, 14211, 14257, 14295, 14330, 14367, 14403, 14441, 14476, 14515, 14556, 14594, 14634, 14673, 14712, 14749, 14791, 14827, 14864, 14911, 14952, 14991, 15028, 15063, 15101, 15142, 15177, 15221, 15259, 15294, 15331, 15367, 15405, 15441, 15479, 15521, 15578, 15619, 15658, 15698, 15736, 15776, 15815, 15854, 15889, 15925, 15964, 16002, 16042, 16080, 16115, 16155, 16192, 16229, 16264, 16302, 16339, 16380, 16417, 16452, 16491, 16530, 16571, 16609, 16647, 16682, 16719, 16758, 16793, 16833, 16871, 16909, 16950, 16985, 17024, 17064, 17101, 17140, 17178, 17214, 17251, 17289, 17330, 17368, 17403, 17441, 17480, 17521, 17559, 17595, 17631, 17666, 17705, 17745]
